
Estadísticas Descriptivas
=============================================================
Statistic        N     Mean     St. Dev.    Min       Max    
-------------------------------------------------------------
age            9,892  36.239     12.024     18        86     
oficio         9,892  48.314     27.429      1        99     
formal         9,892   0.767     0.422       0         1     
maxEducLevel   9,891   6.098     1.106       1         7     
orden          9,892   2.006     1.249       1        11     
p7040          9,892   1.969     0.174       1         2     
sex            9,892   0.503     0.500       0         1     
sizeFirm       9,892   3.921     1.333       1         5     
y_ingLab_m_ha  9,892 8,822.229 12,886.160 326.667 350,583.300
hoursWorkUsual 9,892  48.021     12.152      1        130    
-------------------------------------------------------------
